id	label	x	y	cluster	weight<Links>	weight<Total link strength>	weight<Occurrences>	score<Avg. pub. year>
1	13c nmr	0.6212	-0.242	2	57	89	6	2019.5
2	1h nmr	0.4393	-0.2641	2	81	126	11	2019.8182
3	abstract	0.0009	-0.2312	2	110	230	15	2020.2
4	acbs	0.1901	-0.4071	4	5	36	6	2021
5	accordance	0.4618	-0.282	2	81	132	10	2020.1
6	acetal	-0.3276	-0.0017	5	18	63	7	2019.2857
7	acetalization	-0.2357	0.0472	5	27	82	7	2019.7143
8	acidic site	-0.5175	-0.1521	1	83	154	12	2020
9	active metal	-0.6001	-0.1708	1	67	103	7	2019.8571
10	active phase	0.2029	-0.4309	2	58	125	10	2019
11	additive	0.2321	0.058	6	274	970	59	2019.8644
12	adsorbent	0.0053	-0.0606	3	69	113	10	2020.1
13	advanced biofuel	-0.5615	-0.4519	4	61	115	8	2018
14	afm	-0.2679	0.5442	5	47	96	5	2019.8
15	aggregation	-0.7255	0.4658	5	103	295	15	2019.3333
16	alcohols	-0.2283	-0.4795	4	33	70	6	2020.3333
17	aldehyde	-0.4361	-0.4756	4	152	381	26	2019.2308
18	algae	0.371	-0.1429	3	214	880	44	2020.2955
19	algal biochar	0.1324	0.0512	3	10	50	5	2020
20	algal biomass	0.5718	0.3127	3	132	532	33	2020.3333
21	algal species	0.8985	0.5165	3	41	178	7	2019.2857
22	aliphatic hydrocarbon	-0.15	-0.3597	2	34	60	5	2018.8
23	alkane	-0.6581	-0.302	1	167	601	39	2018
24	alsip zeotype	-0.132	-0.0981	2	8	55	5	2021
25	alternative fuel	0.901	-0.1851	2	120	232	17	2019.0588
26	alternative source	0.7767	-0.1834	2	106	206	12	2019.1667
27	ambient condition	0.0672	0.2675	2	49	75	5	2019.8
28	american society	0.544	-0.0743	2	40	70	7	2019.4286
29	analytical technique	-0.3487	0.3777	5	49	83	5	2020.2
30	anisole	0.0966	-0.136	2	19	112	7	2021.7143
31	ann	0.3992	-0.3439	2	77	166	17	2020.5882
32	anode	-0.6559	1.3124	5	110	402	19	2017.4211
33	anova	0.6623	-0.1773	2	29	52	7	2019
34	antioxidant	0.5519	-0.2087	2	32	106	10	2019.8
35	applicability	-0.293	0.25	5	80	134	9	2019.4444
36	aqueous medium	-0.7566	-0.0615	1	78	146	9	2018.7778
37	aqueous phase	-0.2765	-0.4675	4	78	293	21	2019.619
38	aqueous phase recirculation	0.186	-0.7746	4	9	108	6	2020
39	aqueous solution	-0.5543	-0.0229	1	75	129	8	2018.75
40	architecture	-0.5886	0.85	5	79	271	12	2017
41	aromatic	-0.4438	-0.2712	1	109	207	15	2019.6667
42	aromatic compound	-0.4763	-0.596	4	53	117	6	2019
43	aromatic hydrocarbon	-0.4315	-0.3782	4	113	209	14	2019.3571
44	art	0.1034	0.1765	3	56	104	7	2018.7143
45	assessment	0.572	0.1305	3	218	542	31	2019.9677
46	astm	0.5455	-0.2048	2	119	209	22	2019.5455
47	astm d	0.489	-0.2258	2	36	63	8	2019.75
48	astm d6751	0.5301	-0.3067	2	60	96	10	2019.7
49	astm d6751 standard	0.6664	-0.2257	2	43	68	6	2019.3333
50	astm standard	0.631	-0.3681	2	73	122	10	2020.3
51	atm	0.2873	0.3006	3	38	87	5	2019.2
52	attempt	0.8576	0.1374	3	60	101	7	2017.1429
53	au nanoparticle	-0.765	1.1792	5	59	214	13	2015.3077
54	aunp	-0.6546	1.2834	5	31	103	6	2018.3333
55	b10	1.0884	-0.1781	2	62	117	6	2020
56	b20	1.4978	0.1871	6	106	574	24	2019.2083
57	bacterium	0.4629	0.357	3	80	196	11	2019.8182
58	bagasse	0.0047	-0.0294	3	47	148	10	2018.4
59	bamboo	-0.4841	-0.0848	1	17	56	5	2020
60	barrier property	-0.1663	0.4812	7	13	95	5	2022
61	benzene	-0.5421	-0.1122	1	78	144	8	2021.125
62	best catalyst	0.0321	-0.105	2	42	73	5	2019.2
63	bet bjh	0.0641	-0.2556	2	58	88	8	2020.375
64	better catalytic activity	-0.3368	-0.3996	4	45	76	6	2017.5
65	better performance	0.601	0.0485	3	48	78	6	2020
66	better stability	0.0543	0.4306	5	60	102	6	2018.8333
67	bfc	-0.2801	1.1983	5	55	281	11	2018.7273
68	bfcs	-0.2219	1.1684	5	41	149	5	2021
69	bhd	0.818	-0.0607	3	10	80	5	2021
70	bhmf	-1.1209	-0.2614	1	40	144	8	2019.25
71	bilirubin oxidase	-0.6962	1.3313	5	70	227	9	2017
72	bimetallic catalyst	-0.8728	-0.1723	1	123	499	29	2019.5172
73	bio char	-0.0521	-0.5983	4	61	186	14	2016.7857
74	bio crude	-0.3805	-0.8968	4	44	490	26	2018.1923
75	bio crude yield	-0.2652	-0.7038	4	34	98	6	2018.8333
76	bio oil production	-0.0378	-0.5423	4	135	397	26	2018.1154
77	bio oil yield	-0.1439	-0.6659	4	185	937	55	2019.2364
78	bio product	-0.4938	-0.4758	4	43	77	6	2019
79	bioalcohol	-0.0232	-0.054	3	13	38	7	2020.8571
80	bioanode	-0.7433	1.3781	5	95	576	26	2017.1538
81	biocathode	-0.6635	1.3051	5	81	440	19	2017.4737
82	biochar catalyst	-0.2855	-0.4174	4	26	112	11	2021.1818
83	biochemical	-0.0553	0.0335	3	36	90	6	2020.8333
84	biocrude	-0.0119	-0.1184	3	35	212	15	2018.4
85	biocrude oil	0.3841	-0.3894	4	32	94	7	2017.4286
86	biodiesel blend	1.4157	0.1644	6	121	608	25	2020
87	biodiesel conversion	0.3454	-0.3954	2	116	337	25	2019.28
88	biodiesel feedstock	0.5367	0.2582	3	42	103	11	2020.6364
89	biodiesel preparation	0.5868	-0.3391	2	35	62	6	2020.1667
90	biodiesel product	0.6369	-0.2761	2	54	136	11	2021.0909
91	biodiesel production process	0.5591	-0.3588	2	65	106	10	2020.1
92	biodiesel production reaction	0.1987	-0.42	2	31	81	8	2018.375
93	biodiesel property	0.7777	-0.2926	2	53	94	6	2019.1667
94	biodiesel yield	0.4597	-0.2375	2	271	922	97	2019.4227
95	bioelectrocatalysis	-0.7191	1.5868	5	26	114	7	2019.5714
96	bioelectrode	-0.6517	1.1967	5	87	618	22	2017.2273
97	bioenergy	0.2346	0.3312	3	105	262	17	2019.8824
98	bioenergy production	0.3899	0.2639	3	46	69	5	2018.8
99	bioethanol production	0.3329	0.3809	3	66	197	13	2019.2308
100	biofuel additive	-0.962	-0.1034	1	48	108	8	2019.375
101	biofuel cell	-0.5122	1.0542	5	162	1186	68	2017.5882
102	biofuel cell application	-0.6731	1.2003	5	70	163	7	2017.1429
103	biofuel precursor	-0.9073	-0.2432	1	33	90	5	2019
104	biofuel upgrade	-0.8145	0.1481	1	48	94	7	2018.7143
105	biofuels	-0.527	-0.0283	1	80	122	9	2018.8889
106	biogas	0.2233	0.0282	3	117	356	27	2020.3704
107	biogas slurry	0.1248	-0.2149	4	7	60	6	2019
108	biohydrogen	0.4786	0.4295	3	90	207	12	2021.25
109	biohydrogen production	0.5924	0.6503	3	46	283	17	2020.8235
110	bioink	-0.6328	1.0936	5	26	170	5	2019
111	biological process	0.3283	0.2136	3	36	67	5	2021.2
112	biomass concentration	0.7942	0.6976	3	58	177	7	2019.5714
113	biomass derivative	-0.8857	0.1041	1	63	143	8	2019
114	biomass gasification	0.315	-0.0137	3	22	53	8	2017.875
115	biomass pretreatment	-0.2216	0.1906	3	12	41	5	2014.6
116	biomass valorization	-0.6834	-0.2222	1	58	103	8	2020
117	biomolecule	-0.641	0.8471	5	51	150	7	2013.7143
118	bioreactor	0.6094	0.4776	3	57	221	12	2016.8333
119	biorefinery	0.0174	0.158	3	190	545	37	2018.8919
120	biosensor	-0.6151	1.1581	5	91	531	24	2018.2917
121	blend	1.1701	0.092	6	261	1820	89	2019.9888
122	blending	0.6792	-0.0334	6	91	184	12	2021
123	bod	-0.5914	1.2305	5	42	120	5	2015.2
124	box behnken design	0.3016	-0.2546	2	34	48	5	2021
125	bpe	-1.3307	-0.0991	1	10	90	5	2022
126	brake specific fuel consumption	1.5311	0.1767	6	68	216	9	2020.3333
127	brake thermal efficiency	1.5727	0.1457	6	127	531	22	2020.6818
128	brazil	0.4341	-0.1479	3	65	184	13	2020.2308
129	brnsted acid site	-0.4233	-0.1835	1	65	128	11	2018.6364
130	brunaueremmettteller	0.0206	-0.0379	2	52	74	7	2019.2857
131	bsfc	1.7554	0.0978	6	68	274	9	2021.2222
132	bte	1.6053	0.1167	6	101	468	17	2021.5294
133	c min	-0.0467	-0.3288	4	42	138	9	2020.7778
134	c o bond	-1.2574	-0.1296	1	40	147	8	2019.5
135	c12 dmaphhso42	0.4097	-0.1797	2	9	60	5	2021
136	ca btdc	1.5483	0.1295	6	25	82	6	2018.6667
137	calcination temperature	0.3297	-0.3344	2	56	91	10	2018.6
138	calcium	0.2356	-0.4641	2	55	130	12	2019
139	calcium oxide catalyst	0.5779	-0.2776	2	51	89	10	2020
140	calculation	-0.7494	-0.188	1	116	256	17	2019.8824
141	calophyllum inophyllum oil	0.5326	-0.3144	2	20	57	6	2019.6667
142	cannabis sativa l	0.3803	0.4002	3	12	100	5	2020
143	canola oil	0.1663	-0.27	2	50	87	9	2019.3333
144	cao catalyst	0.3647	-0.3256	2	92	254	26	2018.5
145	cao nanocatalyst	0.497	-0.3385	2	26	67	9	2020.1111
146	carbon catalyst	-0.3023	0.4729	5	58	108	10	2021
147	carbon content	0.0184	-0.6691	4	94	228	11	2019.9091
148	carbon deposition	-0.1193	-0.0923	1	40	82	8	2019.125
149	carbon dioxide	0.5573	0.2156	3	125	285	19	2018.5263
150	carbon material	-0.5642	-0.0236	4	82	152	11	2018.9091
151	carbon monoxide	1.0843	0.3087	6	85	220	11	2019.1818
152	carbon nanofiber	-0.4542	1.1027	5	66	118	6	2017.6667
153	carbon nanotube	0.0342	0.7688	5	239	895	43	2017.5581
154	carbon paper	-0.671	1.4292	5	55	219	9	2016.1111
155	carbonyl	-1.0989	-0.1509	1	65	150	10	2018.8
156	carboxylic acid	-0.5513	0.3552	5	74	138	9	2018.6667
157	castor	0.8417	-0.0345	2	56	105	7	2019.5714
158	castor biodiesel	1.3951	0.1381	6	10	55	5	2019
159	castor oil	0.3741	-0.2201	2	47	137	17	2018.2353
160	catalyst concentration	0.4029	-0.3198	2	216	603	53	2018.8302
161	catalyst efficiency	-0.3548	-0.7302	4	32	86	5	2017.8
162	catalyst ratio	0.0919	-0.2758	2	42	89	8	2018.375
163	catalyst structure	-0.2494	-0.1033	2	58	95	6	2020.1667
164	catalytic behavior	-0.4895	-0.4078	4	47	79	5	2019
165	catalytic cracking	0.0082	-0.3625	4	28	67	8	2019.125
166	catalytic effect	-0.4908	-0.3294	1	58	91	6	2017.3333
167	catalytic fast pyrolysis	-0.4915	-0.2232	1	33	58	5	2019.2
168	catalytic hydrodeoxygenation	-0.95	-0.3078	1	73	139	8	2020.125
169	catalytic hydrogenation	-0.912	-0.014	1	85	163	9	2019.2222
170	catalytic hydrothermal liquefaction	-0.0766	-0.5498	4	55	118	6	2018.6667
171	catalytic liquefaction	-0.6367	-0.8799	4	20	109	6	2018.6667
172	catalytic pyrolysis	-0.1529	-0.4069	4	80	216	23	2019.6087
173	catalytic test	-0.2708	-0.5853	4	27	67	6	2016.6667
174	catalytic transfer hydrogenation	-0.9504	-0.1606	1	88	240	14	2019.7857
175	catalytic transformation	-0.8739	-0.1231	1	52	99	7	2018.4286
176	catalytic upgrading	-0.4159	-0.1884	1	84	166	12	2019.9167
177	cathode	-0.3781	1.042	5	115	527	30	2018.4
178	ccd	0.5824	-0.2988	2	92	168	14	2020.1429
179	cell	-0.0903	0.8016	5	150	452	28	2017.25
180	cell wall component	0.6275	0.7662	7	15	306	6	2021
181	cellobiose	-0.8818	0.1478	5	33	132	8	2015.75
182	cellulase	-0.208	0.3226	5	44	158	14	2019.8571
183	cellulose	-0.3171	0.0945	7	233	1439	85	2018.2353
184	central composite design	0.483	-0.3605	2	154	296	26	2019.5769
185	ceo2 nanoparticle	1.7645	0.0107	6	42	208	6	2020.8333
186	cerium oxide	1.0645	0.398	6	61	135	7	2018.4286
187	ch4	-0.5075	-0.2747	4	34	66	5	2018.6
188	characterization study	-0.7283	-0.1672	1	58	88	7	2019.2857
189	chemistry	-0.0427	0.3686	3	61	102	10	2015.1
190	chicken fat	0.566	-0.2623	2	45	103	7	2020.4286
191	china	0.3805	-0.3169	4	79	163	9	2020.4444
192	chlorella	1.0377	0.183	3	60	253	10	2021.1
193	chlorella pyrenoidosa	0.8013	-0.0875	6	20	65	5	2019.2
194	chlorella vulgaris	0.2544	0.3796	3	53	191	12	2020.3333
195	ci engine	1.5347	0.0567	6	82	337	13	2020.4615
196	citrullus	1.7513	0.0299	6	31	192	6	2021.6667
197	clay	-0.1578	-0.2143	2	46	143	14	2020.2857
198	cleavage	-1.0632	-0.1672	1	83	267	16	2020.0625
199	climate change	0.2869	0.1979	3	95	182	15	2019.8667
200	cloud point	0.7046	-0.2864	2	108	215	18	2019.5
201	cmf	-0.7605	-0.2227	1	21	84	7	2017.1429
202	cnt	0.0466	0.494	5	163	626	32	2018
203	cnts	-0.22	-0.0891	1	57	223	10	2019.8
204	cnwedb	1.9799	0.0871	6	23	220	5	2022
205	co azmocp	-0.6927	-0.027	1	13	168	8	2021
206	co bond	-1.04	-0.102	1	49	105	5	2021
207	co fermentation	0.3999	0.6568	3	13	81	6	2020.5
208	co htl	0.0912	-0.8101	4	14	102	6	2019
209	co liquefaction	0.1026	-0.566	4	27	90	7	2019.5714
210	co solvent	0.1558	-0.5934	4	93	169	13	2019
211	co2 emission	1.1773	0.1611	6	91	173	7	2021.4286
212	co2 temperature	-0.3334	-0.293	1	31	45	5	2018.8
213	coal	0.3706	-0.0132	3	42	64	6	2019.3333
214	cobalt	-0.5046	-0.0676	1	86	205	15	2020.6
215	cobalt nanoparticle	-0.9745	-0.0681	1	41	73	5	2018.2
216	coconut oil	0.076	0.1609	2	22	63	5	2021.2
217	cod	0.5866	0.5165	3	74	234	13	2019.3846
218	coir	0.039	-1.3431	4	17	203	7	2021
219	coke	-0.3342	-0.4073	4	63	125	11	2019.6364
220	coke deposition	-0.4847	-0.2977	1	38	59	5	2020.4
221	coke formation	-0.3532	-0.2887	1	57	128	10	2019.1
222	coking	-0.2622	-0.3549	4	37	70	6	2019
223	colombia	0.5979	0.0601	2	17	40	6	2021.5
224	color	0.6118	-0.3616	2	31	92	6	2020.6667
225	combustion	0.9889	-0.0744	6	205	1026	60	2019.5667
226	combustion characteristic	1.2107	0.087	6	84	307	13	2019.5385
227	combustion method	0.0829	-0.369	2	36	77	7	2019.1429
228	combustion process	0.7193	-0.1275	6	75	168	9	2019.7778
229	commercialization	0.2467	0.1185	3	130	235	13	2020.2308
230	complete conversion	-0.4229	-0.1666	1	76	154	10	2020
231	compression ignition engine	1.5445	0.1781	6	55	150	5	2020.2
232	concept	0.4312	0.3394	3	142	356	22	2020.1818
233	conductivity	-0.1915	0.674	5	122	256	15	2018.8667
234	construction	-0.6158	0.7675	5	157	411	21	2018
235	conventional diesel	0.6576	0.0553	3	46	95	6	2019.8333
236	conventional exergy	0.7677	0.486	3	17	123	6	2016
237	conventional fuel	0.9936	0.1505	6	71	182	10	2020.6
238	conversion yield	0.4521	-0.4122	2	65	131	12	2019.9167
239	cost effectiveness	0.1303	0.2235	3	41	55	5	2019
240	country	0.6357	0.0304	3	114	373	24	2020.5833
241	crop	0.6032	0.0444	3	143	441	26	2020.4615
242	cross	-0.3453	0.2677	5	56	131	9	2016.1111
243	crystalline structure	-0.0158	-0.4877	2	77	162	10	2018.9
244	cst	1.031	-0.2487	2	36	102	6	2020.8333
245	cth	-0.9761	-0.2388	1	73	256	13	2020.3846
246	cu ni tio2 catalyst	-1.254	-0.273	1	30	98	6	2017.3333
247	cu sio2 catalyst	-0.9968	0.2695	1	9	68	8	2015.75
248	cu zn	0.0956	-0.359	2	13	58	8	2019.375
249	cu3pd	-1.3872	-0.2887	1	18	170	5	2021
250	cultivation	0.742	0.4502	3	180	803	39	2019.7692
251	culture medium	0.5518	0.7127	3	39	120	5	2020.4
252	current density	-0.626	1.1889	5	126	554	25	2018.56
253	current status	0.3021	0.4362	3	37	82	5	2019.8
254	cyclic voltammetry	-0.6891	1.1589	5	53	118	5	2017.6
255	cycloalkane	-1.178	-0.1997	1	35	115	5	2018.6
256	cyclohexane	-0.7511	-0.2795	1	54	125	9	2019.2222
257	cyclohexanol	-1.0754	-0.2785	1	45	139	7	2016.2857
258	cyclohexanone	-0.6407	-0.2226	1	42	96	6	2018.8333
259	cylinder pressure	1.2701	0.2343	6	60	165	6	2020.5
260	d fructose	-0.8009	-0.4294	1	23	116	7	2017.2857
261	date	-0.2679	0.3135	5	87	141	7	2020.1429
262	date seed	-0.6998	-0.4203	4	31	160	7	2021.7143
263	day	0.2923	0.6141	7	113	411	18	2017.5556
264	decarbonylation	-0.6462	-0.3145	1	149	354	23	2019.4783
265	decarboxylation	-0.4225	-0.4465	1	105	253	17	2019.6471
266	dee	0.7963	0.0271	6	22	164	6	2019.8333
267	deep eutectic solvent	-0.7463	-0.4573	1	15	56	6	2020
268	degradation	0.0594	0.4229	3	133	346	27	2020.1481
269	degree	-0.5231	-0.1569	1	119	227	18	2018.2778
270	dehydration	-0.8042	-0.2196	1	127	472	30	2017.8333
271	dehydrogenation	-0.8661	-0.1799	1	90	189	10	2020.6
272	density functional theory	-0.8952	-0.0744	1	71	153	10	2020.1
273	depolymerization	-0.792	-0.1746	1	106	242	15	2020.3333
274	desorption	-0.3904	-0.2403	1	167	366	32	2018.7812
275	det	-0.7646	1.5037	5	66	272	10	2017.4
276	detection	-0.6366	0.8223	5	66	195	13	2019.4615
277	detection limit	-0.603	0.9631	5	61	125	7	2017.8571
278	dff	-1.0369	-0.0357	1	21	56	5	2017.6
279	dft	-0.9185	-0.0758	1	56	113	7	2020
280	dft calculation	-0.7463	-0.0666	1	48	86	5	2019.4
281	di diesel engine	1.7334	0.3251	6	47	154	6	2017.8333
282	diesel	1.1314	0.0757	6	381	2478	126	2020.1587
283	diesel biodiesel blend	1.5627	0.3372	6	36	149	7	2017.5714
284	diesel engine	1.2365	0.1003	6	233	1689	79	2019.9241
285	diesel fuel	1.1419	0.037	6	168	678	43	2019.5116
286	difference	0.2076	-0.2679	4	125	282	12	2018.1667
287	diffusion	-0.5106	0.2393	5	130	276	18	2019.3889
288	dimethyl carbonate	0.7349	-0.4274	2	16	92	6	2018.3333
289	dimethylfuran	-1.0761	-0.1873	1	178	882	49	2019.8367
290	direct electron transfer	-0.7034	1.4588	5	77	270	10	2017.2
291	disposal	0.2069	0.1218	3	91	165	15	2019.6
292	dmc	0.6218	-0.2895	2	13	132	6	2021
293	dmf	-1.054	-0.1702	1	162	1484	81	2019.7654
294	dmf yield	-1.1503	0.0373	1	61	181	10	2020.3
295	dmso	-0.9722	-0.3073	1	17	72	6	2014.3333
296	dmthf	-1.2468	-0.293	1	38	173	7	2019.7143
297	dolomite	0.4555	-0.1499	2	16	37	5	2020.2
298	dopant	-0.1492	-0.2508	2	48	92	9	2019.8889
299	drop	0.1949	0.3436	6	117	217	12	2019.4167
300	dry biomass	0.4909	0.1668	7	62	147	8	2019
301	dual active site	-1.1979	-0.2837	1	13	95	5	2022
302	duckweed	-0.1917	0.4861	7	7	70	7	2021
303	dut	-1.2799	-0.0481	1	13	84	7	2021.5714
304	ech	-0.9562	0.3614	1	27	144	8	2017.625
305	ecl	0.9514	1.699	7	4	42	6	2021
306	eco exergy concept	0.7594	0.4871	3	17	104	5	2016
307	economic analysis	0.5038	-0.1874	3	83	190	13	2020.0769
308	economic aspect	0.731	0.3092	3	61	128	6	2021.6667
309	economic evaluation	0.7395	0.1539	3	22	49	5	2020.6
310	economic feasibility	0.6075	0.2065	3	104	247	18	2020.6667
311	edible oil	0.4036	-0.2083	2	129	291	24	2019.9583
312	effective method	-0.258	-0.5341	4	49	92	6	2018
313	efficient catalytic transfer hydrogenation	-1.1106	-0.209	1	38	100	6	2021.1667
314	egg shell	0.6855	-0.2775	2	52	100	13	2019.9231
315	eggshell	0.5961	-0.3523	2	72	169	14	2020.2857
316	egt	1.8509	0.0571	6	49	161	5	2022
317	electricity	0.1651	0.4156	3	114	269	17	2019.8235
318	electrocatalyst	-0.5529	0.9235	5	109	521	28	2017.6071
319	electrocatalytic activity	-0.5681	0.9803	5	78	211	13	2016.6923
320	electrochemical oxidation	-0.7494	1.0216	5	42	106	5	2019
321	electrode	-0.544	1.1065	5	163	1399	76	2017.7105
322	electron transfer	-0.6508	0.9894	5	97	230	11	2019.0909
323	electrooxidation	-0.7433	0.9319	5	84	284	16	2018.0625
324	emf	-0.7099	-0.4167	1	49	303	24	2017.875
325	emf yield	-0.7771	-0.4105	1	38	110	9	2018.3333
326	emission	1.1797	0.1522	6	284	1811	87	2020.069
327	emission characteristic	1.4695	0.0925	6	124	540	24	2020.25
328	emphasis	0.3153	0.2082	3	80	132	10	2019.6
329	emu g	0.1075	-0.2554	2	33	46	5	2018.6
330	emulsification	1.0031	0.0838	6	16	79	8	2019.25
331	emulsion	1.254	0.2131	6	74	177	13	2018.4615
332	emulsion fuel	1.0664	0.1532	6	32	111	8	2019.5
333	energy consumption	0.5275	-0.0536	3	93	204	16	2020.125
334	energy content	0.4663	0.0632	3	64	133	8	2019
335	energy demand	0.394	0.0842	3	188	418	28	2019.8929
336	energy production	0.1185	0.3363	3	115	271	17	2019.7647
337	energy recovery	0.0429	-0.3327	4	97	289	17	2019.9412
338	energy requirement	0.5624	0.2479	3	84	177	9	2021.3333
339	energycane	0.6213	0.278	3	18	216	9	2021
340	engine	1.4687	0.099	6	180	1236	52	2020.3462
341	engine load	1.6393	0.2683	6	76	338	14	2020.0714
342	engine performance	1.3134	0.0609	6	124	345	17	2019.4118
343	engine speed	1.6348	0.271	6	67	243	10	2018.4
344	engine test	0.8703	0.0214	6	55	97	6	2020.1667
345	environmental impact	0.6772	0.0092	3	95	202	16	2020.3125
346	environmental performance	1.7177	0.1164	6	33	195	5	2020.8
347	environmental sustainability	0.8099	0.4997	3	62	133	7	2018.7143
348	enzymatic biofuel cell	-0.6948	1.2896	5	95	398	18	2019.2778
349	enzymatic catalysis	0.3455	0.4775	5	21	45	5	2018
350	enzyme	-0.3475	0.9209	5	247	1487	89	2017.7753
351	enzyme activity	-0.2316	0.7672	5	38	103	5	2014.6
352	ethanolysis	0.8245	-0.2039	2	31	106	9	2018.5556
353	etherification	-0.8164	-0.3722	1	52	150	10	2019.6
354	ethyl	-0.4363	0.5059	5	60	107	8	2017.75
355	ethyl alcohol	0.27	-0.0321	3	14	55	6	2019.3333
356	ethyl levulinate	-0.6423	-0.205	1	118	453	35	2018.2571
357	ethylene	-0.4355	-0.2865	1	28	89	8	2019
358	ethylene glycol	-0.3848	0.2382	5	49	117	9	2019
359	european union	0.3625	-0.1639	2	57	87	6	2020.5
360	example	0.5017	0.3511	3	68	122	7	2020.5714
361	excellent activity	-0.7808	-0.0045	1	64	82	7	2019.1429
362	excellent catalytic performance	-0.952	-0.0268	1	95	170	11	2019.8182
363	excellent performance	-0.6243	0.1815	1	89	143	9	2019.8889
364	excellent stability	-0.7247	-0.1396	1	48	72	5	2018
365	excellent yield	-0.9771	-0.0608	1	51	74	7	2018.7143
366	exergy	1.4628	0.3778	6	63	283	12	2018.25
367	exergy analysis	1.6273	0.3056	6	39	177	9	2017.2222
368	exergy efficiency	1.6074	0.3784	6	46	169	7	2017.1429
369	exhaust emission	1.3632	0.1613	6	60	208	9	2019.4444
370	exhaust gas temperature	1.7248	0.0804	6	57	137	5	2021.4
371	experimental investigation	1.0933	-0.0321	6	60	129	7	2019.8571
372	experimental study	0.7872	0.0188	6	80	139	9	2019.3333
373	experimental value	0.4043	-0.3189	2	33	61	5	2019.4
374	experimental work	0.6183	-0.0879	6	53	126	5	2021.2
375	external hydrogen	-0.9312	-0.2084	1	37	80	5	2017.4
376	external magnet	-0.0475	-0.3266	2	33	41	5	2019.6
377	external magnetic field	0.1592	-0.1845	2	38	54	5	2019.2
378	fabrication	-0.2393	0.189	2	126	231	18	2018.6667
379	facile synthesis	-0.6561	0.1409	1	45	60	5	2017.6
380	faee	0.7389	-0.318	2	21	53	8	2018.75
381	fal	-1.0009	-0.0167	1	22	156	9	2021.3333
382	fame yield	0.3789	-0.2938	2	62	131	21	2019.381
383	fast pyrolysis	-0.4018	-0.2696	1	68	161	10	2018.4
384	fatty acid composition	0.8518	-0.1754	2	78	152	9	2019.1111
385	fatty acid ethyl ester	0.7005	-0.313	2	24	62	8	2019.875
386	fe2o3	0.2232	-0.1551	4	86	286	19	2021
387	feasibility	0.4163	0.1333	3	182	391	21	2018.8571
388	feed concentration	-0.0746	-0.7341	4	66	233	9	2018.8889
389	fen cnt	-0.7405	1.4543	5	14	132	6	2020
390	fermentation	0.4457	0.3882	3	148	511	35	2019.4286
391	fesem image	0.1077	-0.5146	2	43	130	8	2020.125
392	ffa content	0.5965	-0.3755	2	37	57	5	2019.8
393	fine chemical	-0.6253	0.0218	1	91	134	10	2018.5
394	first step	-0.3794	0.017	4	55	92	6	2017.3333
395	flash point	0.6833	-0.3242	2	135	318	26	2019.7308
396	flaxseed oil	0.3386	-0.5029	2	3	15	5	2019
397	flow rate	0.202	0.0609	4	166	385	24	2018.5417
398	flower	-0.7673	-0.1414	1	49	137	11	2017.3636
399	fold	0.0072	0.4578	3	93	162	10	2019.6
400	food	0.0412	0.271	7	64	117	8	2020.25
401	food waste	0.2976	-0.1945	3	72	246	14	2019.1429
402	formic acid	-0.7017	-0.031	1	152	498	32	2018.3438
403	fossil diesel	0.981	0.0956	6	76	284	15	2019.7333
404	fourier transform infrared spectroscopy	0.3516	-0.3783	2	47	82	9	2019
405	frequency factor	0.5878	-0.4287	2	41	54	5	2021
406	fructose	-0.8206	-0.3404	1	93	396	29	2017.5172
407	fruit	0.5417	-0.0351	2	33	92	8	2021.875
408	ft ir analysis	-0.2985	-0.6078	4	55	102	6	2019
409	fuel blend	1.6468	0.2077	6	118	741	26	2020.3846
410	fuel cell	-0.5239	0.9515	5	130	452	30	2018.1667
411	fuel consumption	1.1072	0.107	6	80	165	12	2020.75
412	functionality	-0.3463	0.0825	1	66	128	10	2019.3
413	functionalization	-0.2348	0.1925	2	88	146	8	2019
414	fur	-1.1674	-0.2664	1	10	34	5	2018.4
415	furan	-0.8729	-0.2997	1	175	613	37	2018.8378
416	furfural	-0.7974	0.062	1	152	431	27	2019.1852
417	furfural alcohol	-0.9281	-0.2706	1	56	93	5	2020.2
418	furfural conversion	-0.8073	-0.0488	1	43	70	5	2019.8
419	furfuryl alcohol	-0.9486	-0.0114	1	114	360	21	2020
420	future research	0.101	0.3118	3	51	79	6	2021.3333
421	fwwd1	0.9951	0.7385	3	13	162	6	2019
422	fwwd2	1.0014	0.7439	3	13	140	5	2019
423	g g	-0.547	0.1214	1	42	144	9	2020
424	g l	0.3394	0.2022	3	93	465	28	2020.2143
425	g l1	0.6819	0.7893	3	43	122	5	2020.2
426	gas chromatography mass spectroscopy	0.488	-0.4301	2	72	116	9	2018.8889
427	gas product	0.1252	-0.8054	4	47	175	7	2016.8571
428	gase	0.1839	-0.2005	4	135	341	18	2018
429	gaseous product	0.004	-0.3134	4	102	240	16	2017.6875
430	gasification	0.2818	-0.147	4	113	686	31	2018
431	gasoline	0.304	-0.0417	6	117	310	18	2019.7778
432	gasoline fumigation	1.8847	0.3379	6	14	182	7	2017
433	gcms analysis	0.1718	-0.5833	4	51	92	6	2020
434	global warming	0.684	0.0949	3	80	141	9	2019
435	glucose	-0.4593	0.632	5	251	1318	82	2017.5488
436	glucose electrooxidation	-0.6362	1.0629	5	34	79	6	2016.6667
437	glucose oxidase	-0.7069	1.3169	5	88	342	14	2018.3571
438	glucose oxidation	-0.631	1.2212	5	69	196	13	2016.2308
439	glycerol conversion	-0.2003	0.1802	5	27	61	5	2019
440	goal	0.3655	0.1984	3	80	142	11	2019.8182
441	gold	-0.7122	1.1167	5	61	162	11	2015.8182
442	gold nanoparticle	-0.7193	1.2032	5	76	174	9	2017.3333
443	golden apple snail shell	0.5298	-0.4452	2	10	72	6	2022
444	good activity	-0.3969	-0.3669	1	54	93	7	2018.8571
445	good stability	-0.8625	-0.0298	1	82	163	10	2019.4
446	gor	-0.6295	0.5521	5	28	87	5	2021.4
447	government	0.8504	0.0187	3	31	67	5	2019.2
448	gox	-0.7342	1.3485	5	74	456	21	2018.9524
449	graphene	-0.4763	0.5036	5	122	396	22	2017.2727
450	graphene oxide	-0.3021	0.3611	5	203	693	40	2018.65
451	graphical	-0.3262	0.3587	1	79	134	7	2021.5714
452	green biofuel	0.2373	-0.0113	2	42	105	6	2019.8333
453	green chemistry	-0.4195	-0.1358	1	47	70	6	2019.8333
454	green chemistry balance	0.6464	-0.1354	2	22	81	6	2020.5
455	green diesel	0.0671	-0.0298	3	65	309	29	2020.5172
456	green diesel production	-0.0299	-0.0402	3	31	87	6	2021
457	green hydrocarbon	0.544	0.2025	3	25	82	5	2018.8
458	greenhouse gas emission	0.8889	0.1251	3	132	306	15	2020.4
459	greenhouse gase	0.4286	0.0575	3	94	184	10	2020.1
460	growth	0.3016	0.4013	3	234	682	36	2019.5
461	guaiacol	-0.8591	-0.2241	1	96	421	26	2018.3462
462	gvl	-0.8054	-0.1307	1	129	758	59	2018.8814
463	h c ratio	-0.1795	-0.5312	4	36	98	6	2018.1667
464	h donor	-1.0854	-0.0764	1	51	89	6	2017.5
465	h2 tpr	-0.8006	-0.3393	1	70	141	10	2019.2
466	h2o	-0.4224	-0.1285	1	58	103	7	2018
467	h2o2	-0.1911	0.7366	5	56	173	9	2019.8889
468	hammett indicator method	0.3055	-0.3329	2	40	60	7	2015.7143
469	hbo	0.226	-1.1269	4	26	92	6	2019
470	hdo	-0.7978	-0.3271	1	245	1290	76	2019.4474
471	hdo process	-0.8177	-0.408	1	93	219	10	2019.3
472	heating rate	-0.1043	-0.2571	4	60	151	14	2021
473	heating value	0.0646	-0.6459	4	137	407	19	2018.9474
474	heavy bio oil	-0.2943	-0.9418	4	43	129	8	2019.875
475	hemicellulose	-0.0833	0.2475	7	119	669	27	2019.2963
476	heptadecane	-0.5658	-0.3549	1	59	140	9	2019.6667
477	heterogeneous acid catalyst	-0.2931	-0.0812	1	40	77	9	2017.7778
478	heterogeneous base catalyst	0.554	-0.2608	2	25	42	7	2016.7143
479	heterogeneous nanocatalyst	0.5702	-0.2193	2	87	161	14	2018.9286
480	heterogeneous transesterification	0.5275	-0.3442	2	23	48	5	2016.8
481	hexane	0.6641	-0.2859	2	45	84	7	2019.5714
482	hhv	-0.1218	-0.7448	4	126	373	22	2019.5
483	hierarchical zsm	-0.3928	-0.252	1	22	75	6	2020.5
484	high basicity	0.2137	-0.3059	2	35	47	5	2018
485	high biodiesel yield	0.3305	-0.2902	2	35	57	5	2020.4
486	high catalytic performance	-0.9539	-0.0698	1	40	76	5	2019.2
487	high concentration	0.3438	0.8921	3	60	102	7	2016.7143
488	high content	0.3559	-0.4547	2	53	101	9	2019.3333
489	high conversion	-0.5012	-0.3195	1	55	107	7	2018.8571
490	high degree	-0.552	-0.3883	1	58	111	6	2019.8333
491	high free fatty acid	0.2086	-0.3222	2	42	60	8	2019.125
492	high percentage	0.4616	-0.0087	3	52	80	6	2020.1667
493	high pressure	0.1478	-0.4331	4	61	111	6	2018
494	high quality	0.2575	-0.4569	2	56	92	5	2020.2
495	high quality bio oil	-0.2128	-0.5822	4	40	104	10	2018.2
496	high quality biodiesel	0.2861	-0.4643	2	42	60	6	2019.5
497	high quality biofuel	-0.6181	-0.1198	1	60	104	6	2020.1667
498	high value	-0.6367	-0.167	1	109	216	14	2019.7143
499	high value chemical	-0.5918	-0.0575	1	54	102	8	2019.875
500	higher activity	-0.3448	0.3339	5	65	99	6	2017.8333
501	higher catalytic activity	0.0839	-0.1456	2	27	30	5	2016.8
502	higher catalytic performance	-0.3974	-0.2418	1	37	63	5	2021.4
503	higher conversion	0.1954	-0.5117	2	52	114	8	2018.375
504	higher heating value	-0.2605	-0.7081	4	163	465	26	2018.9231
505	higher temperature	-0.4625	-0.4934	4	71	126	9	2017.7778
506	higher yield	-0.084	-0.1788	4	100	180	10	2018.3
507	highest bio oil yield	-0.0853	-0.6335	4	69	166	10	2018.9
508	highest biodiesel yield	0.2924	-0.3492	2	65	101	11	2020.3636
509	highest conversion	-0.1833	-0.3732	2	76	136	10	2018.5
510	highly	-0.9495	-0.1745	1	73	145	9	2019.2222
511	hmf	-0.9741	-0.143	1	251	2337	147	2018.8639
512	hmf conversion	-0.9635	-0.3069	1	52	128	7	2020.5714
513	hms	-0.2723	-0.3251	2	34	117	13	2019.3077
514	horse manure	0.2614	-0.6975	4	19	150	6	2016
515	hpo	-0.8032	-0.4011	1	11	140	10	2019
516	hr tem	-0.2483	-0.331	4	53	87	6	2018.6667
517	hrtem	-0.3991	-0.0504	2	54	100	7	2019.4286
518	htcl	0.1043	-1.0494	4	15	120	6	2020.5
519	htl	0.0318	-0.6428	4	182	1181	66	2018.8939
520	htl process	-0.0171	-0.8625	4	63	255	10	2018.2
521	hybrid biofuel cell	-0.4787	1.197	5	61	166	10	2014.2
522	hybrid cell	-0.4041	1.2108	5	23	84	5	2011.4
523	hybrid glucose biofuel cell	-0.7062	1.2284	5	42	87	5	2015.6
524	hybrid nanoflower	0.711	0.4927	7	3	35	7	2018
525	hydrocarbon biofuel	-0.6415	-0.672	4	47	169	8	2018.625
526	hydrocarbon selectivity	-0.1386	-0.1918	2	29	52	6	2019.3333
527	hydrochar	-0.4588	-0.6077	4	48	253	14	2018.2857
528	hydrodeoxygenation	-0.7502	-0.2279	1	349	1730	114	2019.1316
529	hydrogen donor	-0.9912	-0.1542	1	106	259	12	2020.5833
530	hydrogen gas	-0.9831	-0.0175	1	42	135	7	2018.2857
531	hydrogen peroxide	0.1238	0.7381	5	59	164	7	2019.2857
532	hydrogen pressure	-0.8991	-0.2926	1	58	120	8	2019.375
533	hydrogen production	-0.0552	-0.0425	4	125	361	25	2018.36
534	hydrogen source	-1.0005	-0.2024	1	105	367	21	2018.1905
535	hydrogen yield	0.0692	-0.5498	4	95	335	16	2018.1875
536	hydrogenation	-0.9318	-0.0966	1	367	2140	141	2018.7801
537	hydrogenation reaction	-0.8641	-0.0221	1	69	140	8	2019
538	hydrogenolysis	-1.0542	-0.1437	1	181	807	47	2019.3617
539	hydrothermal co liquefaction	0.1018	-0.9583	4	25	126	6	2020
540	hydrothermal condition	-0.4416	-0.3239	4	53	98	6	2019
541	hydrothermal gasification	-0.0791	-0.7826	4	48	155	8	2017.75
542	hydrothermal liquefaction	0.0535	-0.5997	4	233	1377	87	2019.1609
543	hydroxyl group	-0.7425	-0.1466	1	80	132	8	2019.5
544	hydroxymethyl	-1.2624	-0.2764	1	62	235	11	2018.6364
545	hzsm	-0.6417	-0.5958	4	117	1012	51	2018.1176
546	icp	-0.3494	-0.201	1	47	66	5	2017.6
547	icp oes	-0.6783	-0.3729	1	34	53	5	2019.8
548	identification	0.4104	-0.3015	2	51	141	9	2019.6667
549	immobilization	-0.0884	0.9224	5	182	631	36	2018.4444
550	immobilized cellulase	-0.3088	0.3524	5	14	80	10	2015.5
551	immobilized lipase	0.2518	0.2031	2	40	73	5	2020.4
552	implementation	0.3474	0.1652	3	106	295	15	2019.9333
553	important factor	-0.0361	-0.088	4	49	73	5	2021.4
554	india	0.8598	-0.0846	3	68	150	9	2020
555	induction	0.0776	0.3079	5	44	126	8	2020.375
556	information	0.4301	0.1443	3	106	223	13	2020.1538
557	inhibitory compound	0.4689	0.2915	3	10	70	5	2022
558	innovation	0.0021	0.2355	3	68	118	9	2019.8889
559	integration	0.3288	0.5426	3	96	222	11	2018.6364
560	intermediate	-0.9635	-0.1664	1	144	375	23	2019.8696
561	internal combustion engine	1.1391	0.1289	6	88	193	10	2019.9
562	international standard	0.6201	-0.262	2	72	135	12	2020
563	investment	0.601	0.1963	3	80	167	12	2019.5833
564	irr	0.7005	0.1659	3	56	151	7	2020.8571
565	isomerization	-0.8012	-0.3025	1	45	116	8	2018.625
566	isopropanol	-1.0524	-0.3292	1	35	88	6	2020.1667
567	j mol	0.4311	-0.4099	2	27	44	5	2020.2
568	jatropha	0.8036	0.0293	2	40	61	5	2021.4
569	jet fuel	0.2868	-0.2698	2	37	95	7	2021.2857
570	journal	-0.8217	-0.033	1	60	86	7	2019.7143
571	k2co3	0.1922	-0.5852	2	92	180	12	2020.3333
572	karanja biodiesel	1.1986	0.1567	6	36	130	5	2021
573	kcal mol	-0.5533	-0.0922	1	41	98	6	2018.8333
574	ketone	-0.4679	-0.5929	4	183	481	29	2018.5862
575	kinematic viscosity	0.6376	-0.2747	2	143	377	30	2019.7667
576	kinetic parameter	0.3578	-0.1326	2	63	130	9	2019.8889
577	kinetics	-0.2298	-0.3337	2	56	107	7	2019.1429
578	kitchen waste	-0.6374	-0.4334	1	15	72	6	2020.3333
579	kraft lignin	-0.9168	-0.2138	1	43	94	6	2020.5
580	kso	-0.046	-0.4146	2	8	50	5	2021
581	kwh	0.9154	0.0356	3	28	81	5	2021
582	l min	0.7309	-0.0029	4	39	148	7	2020.4286
583	laccase	-0.4212	1.26	5	21	65	6	2015.3333
584	land	0.618	0.1423	3	115	312	16	2020.125
585	large quantity	0.6898	0.2188	3	40	93	6	2020.8333
586	large scale	0.2308	0.06	3	37	59	5	2018
587	large scale production	0.5881	0.2606	3	37	82	5	2019.4
588	large specific surface area	-1.0855	0.181	1	60	96	5	2020.4
589	large surface area	-0.3373	0.2081	5	107	174	13	2019.4615
590	lauric acid	-0.0557	-0.0049	2	27	97	8	2021.25
591	layer	-0.4093	0.6806	5	118	252	17	2018.5882
592	layered double hydroxide	-0.8543	-0.3476	4	32	98	5	2020.4
593	lcb	0.3247	-0.0234	3	30	90	6	2021.3333
594	ldh	-0.773	-0.3004	4	55	362	19	2020.8947
595	leap me	0.933	-0.1531	2	10	50	5	2022
596	lecl	0.9466	1.6978	7	3	45	5	2021
597	lemongrass oil	1.2383	0.2876	6	15	100	5	2019
598	levulinate ester	-0.7822	-0.1625	1	28	68	5	2018.2
599	levulinic acid	-0.7305	0.0926	1	168	614	51	2018.1961
600	lewis acid site	-0.663	-0.2506	1	76	144	11	2019.7273
601	life cycle assessment	0.5292	0.0687	3	62	127	8	2021
602	lifetime	-0.214	0.6086	5	92	202	12	2016.4167
603	ligand	-0.7294	-0.0197	1	51	132	9	2019.3333
604	light oil	-0.1456	-0.9466	4	47	81	5	2019.6
605	light olefin	-0.2329	-0.4695	4	7	40	5	2018
606	lignin	-0.5849	-0.0209	1	269	1844	95	2019.6421
607	lignocellulose	-0.2205	0.1197	3	109	253	17	2019.2941
608	lignocellulosic biomass	-0.1024	-0.1219	4	199	558	34	2019.4706
609	lignocellulosic material	-0.186	0.136	3	34	68	5	2017
610	lipase	0.5682	0.5046	7	138	601	63	2020.127
611	lipid	0.6651	0.0663	3	175	707	45	2020.4444
612	lipid content	0.6281	0.407	3	126	339	19	2019.5789
613	lipid extraction	0.7492	0.133	3	73	200	11	2020.4545
614	lipid production	0.5753	0.593	3	78	333	18	2019.6111
615	lipid productivity	0.6072	0.6224	3	53	138	7	2020.8571
616	liquefaction	-0.1567	-0.493	4	121	372	26	2019.2308
617	liquid	-0.027	-0.2367	2	243	683	59	2017.9322
618	liquid biofuel	-0.5938	-0.2671	1	130	290	20	2019.1
619	liquid phase	-0.6465	-0.274	1	116	213	12	2020.3333
620	load	1.1721	0.0058	6	151	501	25	2019.28
621	lot	0.3544	0.6598	3	98	157	9	2021
622	low value	0.165	-0.0013	6	62	107	5	2020
623	lower temperature	-0.2746	-0.4073	4	79	160	12	2017.6667
624	m ratio	0.3038	-0.3133	2	72	119	11	2018.1818
625	ma cm2	-0.6576	1.2179	5	84	269	12	2019.0833
626	macroalgae	0.1109	-0.4025	4	67	184	13	2019.0769
627	magnetic nanocatalyst	0.1307	-0.1045	2	59	171	12	2019.9167
628	magnetic nanoparticle	0.0545	0.1843	3	69	183	10	2019.5
629	magnetic property	-0.0754	0.0798	5	55	107	10	2017.2
630	magnetic support	0.1121	-0.3736	2	10	32	5	2019.2
631	magnitude	0.576	0.4645	6	59	105	5	2017.8
632	main challenge	0.0302	-0.233	4	42	71	5	2019.6
633	main component	-0.4161	-0.3819	4	92	182	12	2019.25
634	main product	-0.3232	0.0178	1	75	137	8	2019.25
635	major component	-0.4385	-0.3217	4	52	78	5	2019
636	matrix	-0.4845	0.6995	5	177	386	22	2019.0455
637	maximum amount	-0.0266	-0.1506	3	55	109	7	2018
638	maximum bio oil yield	-0.1269	-0.5575	4	37	89	5	2019.6
639	maximum biodiesel yield	0.5464	-0.2736	2	157	304	27	2020
640	maximum conversion	0.1031	-0.4662	2	83	146	13	2017.6923
641	maximum current density	-0.7663	1.3924	5	53	132	5	2018.6
642	maximum power density	-0.678	1.1756	5	109	328	15	2017.6
643	mcm	-0.0746	-0.4777	2	91	628	52	2019.5385
644	mcn	-0.6886	0.8082	5	29	96	6	2019.6667
645	mcns	-0.5626	0.9745	5	29	190	10	2019.2
646	mcns rgo	-0.7551	1.1909	5	16	150	6	2020
647	mec	0.2298	0.7722	3	19	124	7	2021
648	mechanical stirring	0.201	-0.339	2	25	58	7	2014.4286
649	mechanistic study	-0.5209	-0.3047	1	58	110	8	2018.25
650	mediated electron transfer	-0.824	1.5506	5	43	131	5	2016.2
651	mediator	-0.6603	1.2105	5	87	268	13	2018.8462
652	medium	0.2255	0.4541	3	298	835	57	2018.8772
653	mek	-0.7687	-0.2375	1	7	40	5	2022
654	membrane	-0.3447	0.8534	5	75	215	15	2020.5333
655	mesoporous silica	-0.2509	-0.2403	2	78	145	12	2018.5833
656	met	-0.7905	1.5796	5	33	123	5	2016.2
657	metal organic framework	-0.8104	0.4188	1	108	303	18	2020.1667
658	metallic nanoparticle	-0.7968	0.9478	5	83	249	13	2015.9231
659	methane	-0.1677	-0.0432	3	102	356	24	2018.8333
660	methanol oil	0.2772	-0.4257	2	46	67	7	2017.5714
661	methanol oil molar ratio	0.2934	-0.3911	2	111	253	28	2018.6429
662	methanol oil ratio	0.4249	-0.3482	2	51	91	9	2019.4444
663	methanol ratio	0.4886	-0.3633	2	68	94	13	2019.8462
664	methanolysis	0.6402	-0.1355	2	59	111	13	2018.5385
665	methoxy	-0.8676	-0.0506	1	109	209	14	2019
666	methyl acetate	0.3169	-0.5368	2	9	26	6	2019.3333
667	methyl levulinate	-0.9597	0.1294	1	35	78	7	2019.1429
668	methyl stearate	-0.6142	-0.2478	1	37	113	8	2021
669	methylfuran	-0.8845	0.0345	1	131	433	29	2019.3103
670	methylfurfural	-1.0836	-0.1634	1	59	131	8	2018.75
671	methylfurfuryl alcohol	-0.9281	-0.2323	1	30	114	5	2020.2
672	methylphenol	-0.8467	-0.1194	1	127	258	15	2019
673	methyltetrahydrofuran	-0.6924	-0.1579	1	66	236	14	2018.2857
674	mfc	-0.0152	0.6632	3	34	93	7	2018.5714
675	mg g	0.3439	0.0946	3	37	66	6	2020.3333
676	mg koh g	0.5539	-0.3639	2	84	172	15	2020.1333
677	mg l	0.2864	0.4691	3	59	218	14	2020.5714
678	mg l1	0.7897	0.4819	3	39	119	7	2021.1429
679	mg ml	-0.3283	-0.3344	4	48	152	10	2019.6
680	microalgae	0.5133	0.0831	3	329	1957	130	2019.7846
681	microalgae biomass	0.4232	0.1929	3	46	92	7	2019.5714
682	microalgae cultivation	0.7241	0.6586	3	45	207	9	2017.6667
683	microalgae oil	0.7169	0.2068	3	50	165	10	2019.3
684	microalgal biomass	0.7657	0.1305	3	79	194	12	2020.5833
685	microalgal oil	0.6811	-0.4808	2	25	93	6	2019.8333
686	microbial biodiesel production	0.3409	0.4415	3	19	72	5	2021
687	microorganism	0.3932	0.5355	3	103	247	15	2020.3333
688	microwave pyrolysis	0.0032	-0.1818	3	34	79	7	2021
689	mild condition	-0.9176	-0.0656	1	230	717	50	2018.66
690	mild reaction condition	-0.5574	-0.2365	1	145	302	17	2019.1765
691	min reaction time	0.9106	-0.2303	2	76	125	10	2018.8
692	minute	0.1758	-0.3093	4	45	112	6	2019.5
693	mj kg	-0.1211	-0.6903	4	190	723	42	2020.0952
694	ml g	-0.0854	-0.4459	4	29	54	5	2019.4
695	ml min	-0.1838	-0.2176	4	50	74	5	2018.2
696	mm2	0.6343	-0.2727	2	66	91	8	2019.5
697	mmol g	-0.0141	-0.5194	4	121	563	27	2018.037
698	mmp	-0.9266	-0.1304	1	72	190	12	2019.8333
699	mnp	-0.0758	0.0423	3	37	191	10	2019.6
700	mo2c	-0.8064	-0.0297	1	26	89	5	2019.4
701	model compound	-0.7298	-0.2448	1	157	359	23	2017.6087
702	mof	-0.8824	0.0885	1	88	295	22	2019.7273
703	mole	0.1444	-0.1415	1	22	51	7	2018.2857
704	molecular dynamics simulation	-0.7277	-0.173	1	35	75	5	2020.4
705	molybdenum	-0.5144	-0.3161	1	37	108	8	2018.875
706	mono	-0.2251	0.0251	1	83	179	10	2017.7
707	monoaromatic	-0.3885	-0.2006	1	44	77	5	2021.6
708	monomer	-0.6744	-0.2194	1	66	141	9	2020.3333
709	monometallic catalyst	-0.9567	-0.1209	1	39	89	7	2019.5714
710	morphological property	0.4482	-0.2971	2	33	47	6	2020
711	mpa	-0.228	-0.5669	4	136	403	20	2018.95
712	mpa h2	-0.8807	-0.1271	1	115	290	15	2020.7333
713	mpa h2 pressure	-0.8634	-0.2538	1	46	103	6	2020.8333
714	mthf	-0.5705	-0.1835	1	51	278	15	2017
715	multi walled carbon nanotube	-0.4817	0.9677	5	120	340	14	2016.7857
716	municipal solid waste	0.0212	-0.1105	4	51	104	7	2020.4286
717	mwcnt	-0.1306	1.1458	5	104	387	15	2017.7333
718	mwcnts	-0.6885	1.227	5	68	313	13	2019.1538
719	n content	-0.8008	-0.3899	1	30	129	8	2020.25
720	n2 physisorption	-0.8439	0.2235	1	72	110	6	2019.5
721	na2co3	-0.1989	-0.7945	4	74	285	14	2018.7857
722	nannochloropsis	0.0029	-0.8086	4	53	267	14	2018.2857
723	nano additive	1.5587	0.2607	6	66	195	8	2019.875
724	nano biocatalyst	0.3087	0.0885	2	22	140	8	2020.375
725	nanomaterial	-0.0301	0.6679	5	244	950	55	2020.2545
726	nanosheet	-0.6762	0.0922	1	119	510	34	2020.5294
727	nanotechnology	0.169	0.5015	3	112	328	23	2017.9565
728	nanozyme	-0.6538	1.1068	5	21	101	5	2020.2
729	naoh	0.4359	-0.5269	4	138	376	24	2020.25
730	nbcs	-0.13	0.6138	3	13	105	7	2015
731	near future	-0.0743	0.4039	3	55	100	6	2017
732	neat diesel	1.7067	0.2139	6	34	164	6	2020
733	negligible loss	0.2244	-0.2862	2	26	35	5	2015.8
734	net present value	0.745	0.1661	3	31	71	7	2020.1429
735	new approach	0.1808	0.3223	3	102	154	8	2020.125
736	new method	-0.3699	0.123	4	68	106	5	2018.4
737	new strategy	-0.8686	0.6723	5	74	102	6	2019.3333
738	nh3	-0.2029	-0.1996	2	86	167	13	2019.8462
739	nh3 tpd	-0.6017	-0.3424	1	102	207	14	2020.4286
740	ni al ratio	-0.0054	-0.077	2	2	18	6	2020
741	ni catalyst	-0.5351	-0.3501	1	80	160	14	2018.2857
742	ni ceo2 catalyst	-0.6422	-0.3351	1	15	120	5	2018
743	ni cu alloy	-0.9241	-0.3025	1	17	94	7	2020
744	ni nanoparticle	-0.7423	-0.3307	1	49	87	6	2019.1667
745	nickel catalyst	-0.3577	-0.0725	1	56	110	9	2018.6667
746	nico mcm	-0.2044	-0.0666	2	10	80	5	2022
747	nimo	-0.6898	-0.4736	1	43	136	9	2020
748	nimo catalyst	-0.6696	-0.4347	1	24	152	6	2019
749	nio nanocatalyst	0.6432	-0.5717	2	18	108	8	2020
750	nitrogen content	0.0729	-0.6133	4	60	153	9	2017.1111
751	nitrogenous compound	0.1083	-0.789	4	24	93	6	2020.3333
752	nitt	1.1262	0.1819	3	8	144	6	2022
753	nmmo	0.5126	0.2229	3	10	55	5	2016
754	noble metal	-0.7368	-0.1788	1	92	239	17	2019.7059
755	noble metal catalyst	-0.9185	0.0406	1	43	68	5	2019.8
756	non noble metal catalyst	-0.91	-0.1864	1	105	271	14	2019.7143
757	novel	0.2638	-0.4167	2	72	138	13	2019
758	novel heterogeneous catalyst	0.5314	-0.345	2	30	37	5	2020.6
759	nox	1.4837	0.1881	6	107	410	15	2021
760	nox emission	1.5005	0.0118	6	104	307	13	2020
761	npv	0.702	0.1157	3	61	134	8	2020.75
762	nuclear magnetic resonance	0.4707	-0.2851	2	47	102	10	2019.5
763	nutrient	0.6645	0.6615	3	69	176	10	2019.1
764	oil content	0.7121	-0.2459	2	111	262	17	2019.7647
765	oil extraction	0.9929	-0.0766	2	38	71	6	2020.5
766	oil methanol molar ratio	0.2266	-0.3134	2	39	59	5	2019.6
767	oil methanol ratio	0.4272	0.1258	2	26	39	5	2018.4
768	oil molar ratio	0.4429	-0.3072	2	186	494	57	2019.0526
769	oil ratio	0.4775	-0.3803	2	137	324	40	2019.475
770	oil yield	0.2478	-0.2838	4	85	168	12	2020.25
771	oleaginous yeast	0.6622	0.2179	3	27	212	10	2022
772	open circuit voltage	-0.6101	1.2139	5	110	402	19	2017.0526
773	operation	0.3546	0.4148	3	168	418	25	2018.48
774	opportunity	-0.0825	0.2864	3	123	267	15	2021.2667
775	optimized reaction condition	-0.4663	-0.283	1	70	109	9	2020.4444
776	optimum biodiesel yield	0.5376	-0.1215	2	46	56	6	2021
777	optimum operating condition	0.3389	0.0032	2	52	94	6	2021.1667
778	organic	0.0165	-0.3151	4	72	148	8	2020.25
779	organic acid	-0.2698	-0.25	1	69	145	11	2019
780	organic pollutant	0.0978	0.6553	3	46	138	6	2021.1667
781	organic waste	0.4011	0.2144	3	75	190	12	2017.5833
782	organism	0.2623	0.6248	3	91	169	10	2018.5
783	orr	-0.6556	1.0624	5	49	123	6	2016.6667
784	otf	-0.6867	-0.4432	1	8	65	5	2020
785	output	-0.1268	0.6635	5	105	254	19	2018.2105
786	overview	0.2768	0.2135	3	133	258	16	2020.125
787	oxidation	-0.6477	0.6502	5	251	933	60	2017.8167
788	oxidation stability	0.5432	-0.3358	2	103	213	15	2020.1333
789	oxidative stability	0.4164	-0.2385	2	37	88	8	2018
790	oxygen vacancy	-0.6345	-0.0796	1	111	210	18	2020.3889
791	oxygenate	-0.6164	-0.2839	1	78	143	9	2020.4444
792	oxygenated compound	-0.4528	-0.4864	4	67	131	7	2018.5714
793	pakistan	0.7314	0.0874	3	26	150	6	2020.3333
794	palladium	-0.5869	0.526	5	91	180	13	2017.9231
795	palladium nanoparticle	-0.8157	0.31	1	88	176	12	2017.25
796	palm	0.6119	-0.1959	2	37	75	6	2021.6667
797	palm fatty acid distillate	0.418	-0.1859	2	43	132	10	2020.2
798	palm olein	0.6699	-0.3396	2	13	38	5	2021.2
799	payback period	0.6654	-0.1037	3	41	83	6	2020.6667
800	pd c	-0.538	-0.0937	1	93	282	17	2017.4118
801	pd catalyst	-0.8751	-0.1485	1	58	136	10	2019.1
802	pd nanoparticle	-0.8796	0.1658	1	81	161	11	2015.7273
803	pdnp	-0.7515	1.1215	5	20	116	9	2017.1111
804	peg	-0.2674	0.1281	5	29	68	6	2019.6667
805	pei	-0.6096	1.2601	5	46	166	8	2018.875
806	pentanol	-0.9367	0.0108	1	23	93	6	2019.5
807	percentage	0.5204	-0.0171	2	167	441	29	2019.8966
808	petroleum diesel	0.9027	-0.1507	2	80	149	12	2020.25
809	petroleum fuel	1.166	0.0809	6	74	134	8	2020.875
810	pfad	0.5232	-0.1706	2	43	211	15	2020.6667
811	pfad molar ratio	0.4819	-0.204	2	25	78	5	2020.4
812	phenol	-0.5876	-0.5041	1	259	1225	75	2018.1733
813	phenolic	-0.9325	-0.3035	1	68	169	8	2018.125
814	phenolic compound	-0.6976	-0.3006	1	99	305	15	2018.2
815	phenolic monomer	-0.5558	-0.4535	4	29	141	7	2019
816	phosphoric acid	-0.1251	0.4017	3	27	76	5	2020.6
817	phosphotungstic acid	-0.6187	-0.1077	1	38	84	7	2017.2857
818	phycoremediation	0.8022	0.4793	3	20	107	5	2021.2
819	physiochemical property	0.0998	-0.4372	2	72	110	9	2019
820	pinecone	0.0199	-0.9466	4	23	270	6	2017
821	pith	0.0394	-1.3432	4	17	203	7	2021
822	plasma	0.3151	-0.3557	2	12	50	6	2019.1667
823	platform chemical	-0.8557	-0.2504	1	111	263	18	2018.7778
824	platform molecule	-0.9413	-0.0419	1	90	163	13	2018.4615
825	platinum	-0.5254	0.4803	5	76	147	12	2018.3333
826	pollutant	0.6715	0.3246	3	96	267	16	2019.875
827	poly	-0.3496	0.2399	5	91	215	14	2019.8571
828	polymer	-0.5134	0.4863	5	173	473	33	2018.6364
829	polyol	-0.4478	0.1641	5	28	63	7	2020.1429
830	pome	0.7424	0.7316	3	35	254	11	2017.7273
831	pop	-0.6262	0.1628	1	30	146	11	2019.5455
832	pore volume	-0.133	-0.3446	2	88	159	14	2020.3571
833	porous carbon	-0.6775	0.8951	5	52	152	7	2020.1429
834	porous material	-0.5442	0.609	5	43	56	6	2017.3333
835	pot	-0.7779	-0.0736	1	96	195	15	2018.4667
836	pot conversion	-0.836	-0.2223	1	53	105	7	2020.2857
837	potassium hydroxide	0.5104	-0.4537	2	38	141	14	2018.7143
838	potential candidate	-0.292	0.1235	2	54	86	5	2019.2
839	potential feedstock	0.4135	-0.0901	3	84	147	9	2020.5556
840	potentiality	0.3939	0.5762	3	54	93	6	2020.3333
841	power density	-0.4498	1.0884	5	101	238	13	2018.3077
842	ppm	1.5318	0.1833	6	125	816	34	2020.0588
843	ppme	1.1719	0.8615	3	12	121	9	2017.8889
844	prediction	0.3235	-0.0578	3	38	84	8	2018.625
845	prepared nanocatalyst	0.1382	-0.493	2	39	70	5	2019.2
846	prepared sample	0.0948	-0.4981	2	33	57	5	2018.6
847	pretreatment	0.1524	0.1292	3	148	688	50	2019.12
848	price	0.4212	0.0025	3	152	460	31	2020.9032
849	process optimization	0.5093	-0.4246	2	110	205	17	2020.1176
850	product selectivity	-0.7793	-0.1895	1	82	129	9	2018
851	production cost	0.6637	-0.0319	3	114	237	16	2020.1875
852	productivity	0.6307	0.3368	3	161	390	23	2019.3043
853	progress	-0.1075	0.5638	7	70	144	11	2019.8182
854	promising alternative	0.442	-0.0431	2	45	90	5	2020.2
855	promising catalyst	-0.3535	-0.3732	2	85	148	9	2018.3333
856	promising technology	0.4849	-0.0753	3	90	140	7	2019.4286
857	promising way	-0.4995	-0.0636	5	61	87	5	2020.4
858	promoter	-0.4879	-0.2195	1	73	335	22	2019.9091
859	promotion	0.0716	-0.3889	4	84	168	12	2019.5833
860	propanediol	-0.2365	-0.0595	1	24	48	5	2020.2
861	propanol	-0.7884	-0.1955	1	125	343	20	2019.05
862	protein	0.2416	0.2137	7	112	256	13	2018.6154
863	pt c	-0.8786	0.4103	5	67	163	9	2018.6667
864	pt catalyst	-0.9391	-0.0375	1	52	113	5	2018.8
865	pt nanoparticle	-0.5302	0.3266	5	79	212	14	2018.5714
866	pure diesel	1.509	0.1017	6	67	227	8	2021.75
867	purification	0.4774	0.0412	3	47	98	14	2019.1429
868	py oil	-0.7543	-0.513	4	20	154	7	2020
869	pyrolysis bio oil	-0.6272	-0.7083	4	62	225	12	2017.4167
870	pyrolysis oil	0.3695	-0.0995	6	86	332	17	2020.3529
871	raman	-0.3638	-0.1305	1	62	116	7	2021
872	raman spectroscopy	-0.0277	-0.3644	4	78	173	7	2019.1429
873	rapeseed oil	0.4292	-0.5346	2	23	74	9	2018.1111
874	rational design	-1.0109	-0.01	1	56	98	5	2021
875	reaction cycle	-0.2228	-0.3014	2	73	101	9	2019.8889
876	reaction mechanism	-0.6899	-0.1627	1	173	425	25	2019.08
877	reaction mixture	0.3823	-0.4395	2	40	79	9	2018.4444
878	reaction pathway	-0.5997	-0.2997	1	170	381	24	2019.125
879	recent advance	-0.0003	0.3543	3	104	252	17	2019.2941
880	recent development	-0.1964	0.2763	3	75	118	9	2018.4444
881	recent progress	-0.0048	0.2521	3	55	100	7	2020.2857
882	recyclable catalyst	-0.155	-0.32	2	65	98	9	2018.2222
883	red mud	-0.3401	-0.2299	4	13	60	8	2020.5
884	relationship	-0.1809	-0.2106	2	99	202	15	2020.7333
885	removal	0.1811	0.0254	3	156	458	31	2019.4516
886	renewable energy source	0.3176	0.0602	3	94	177	12	2018.25
887	renewable feedstock	0.1256	0.2164	3	74	142	8	2020.375
888	renewable nature	0.6456	-0.0474	2	43	91	6	2017.1667
889	report	-0.5626	0.7519	5	113	245	13	2018.8462
890	residence time	0.0898	-0.4734	4	102	234	15	2019.5333
891	response surface	0.3486	-0.2475	2	18	32	5	2019.6
892	response surface method	0.096	-0.1718	2	33	53	5	2019
893	return	0.5356	0.1206	3	52	93	6	2020.5
894	review	0.2329	0.2968	3	345	1641	124	2020.0645
895	rgo	-0.7258	0.7686	5	108	426	18	2018.1667
896	rice husk	0.0978	-0.4206	4	40	77	7	2020.7143
897	rice straw	-0.3654	-0.2804	1	67	340	22	2019.7727
898	ring opening	-0.9908	-0.2234	1	40	85	6	2018
899	risk	0.5515	-0.0309	3	45	86	7	2020.5714
900	rpm	1.1489	-0.0131	6	231	1012	56	2020.2679
901	rsm	0.3824	-0.3419	2	249	647	58	2020.1207
902	ru c	-0.8304	-0.4051	1	37	129	7	2017
903	ru nanoparticle	-0.7156	-0.0604	1	55	117	6	2019.1667
904	rubber seed oil	0.7284	-0.2852	2	30	73	7	2018.5714
905	s c e w	-0.1585	-1.1604	4	15	154	7	2018
906	s c w	-0.1596	-1.1695	4	15	138	6	2018
907	sapo	-0.3077	0.4576	5	6	42	7	2022
908	sargassum	-0.0594	-0.9634	4	14	160	5	2020
909	saso	0.7292	-0.2827	2	14	144	8	2021
910	saturated fatty acid	0.7486	-0.0058	3	32	63	5	2020
911	scanning electron microscopy	0.4177	-0.2714	2	160	311	22	2018.9091
912	scenedesmus	0.6169	0.8309	3	16	126	6	2022
913	scg	0.4424	-0.2022	2	18	85	7	2020.1429
914	scme	1.7515	0.3058	6	18	186	6	2020
915	sco	0.7762	-0.0167	2	12	86	9	2021.4444
916	scp	1.1683	-0.0017	6	32	124	6	2021.6667
917	scwg	0.7192	0.4586	3	16	129	7	2021.4286
918	search	0.6417	-0.0111	3	126	208	14	2019.5714
919	sec	0.6721	-0.4527	2	18	64	5	2020.6
920	second generation biofuel	0.2443	0.0037	3	85	155	14	2018.6429
921	seed	0.6406	-0.2901	2	165	622	55	2019.8182
922	seed oil	0.5856	-0.3296	2	175	745	60	2020.5333
923	selection	0.3294	0.1628	3	90	226	15	2018.5333
924	selective catalyst	-0.9781	-0.1336	1	67	154	8	2019.375
925	selective conversion	-0.817	0.0704	1	96	188	11	2017.6364
926	selective hydrogenation	-0.9554	0.0123	1	127	448	23	2020.6522
927	selective hydrogenolysis	-1.218	-0.1479	1	56	163	8	2021.125
928	self	-0.3795	0.8937	5	81	216	10	2019.6
929	sensitivity analysis	0.6487	0.011	3	44	95	7	2020.1429
930	sensor	-0.3178	0.687	5	76	294	20	2019.1
931	shape	0.2606	-0.2773	2	98	243	16	2020.0625
932	short initial time	0.3807	1.0011	3	1	5	5	2021
933	short time	-0.0218	-0.3408	2	34	50	5	2018.4
934	si ce	0.1354	-0.585	2	16	78	6	2019
935	significant improvement	0.1958	0.7276	5	70	116	6	2018.6667
936	significant increase	0.1291	-0.6897	4	35	79	5	2019.2
937	significant loss	-0.2122	-0.3329	2	77	140	12	2018.25
938	significant reduction	1.1021	0.1772	6	81	185	8	2020.625
939	similarity	0.6703	0.6358	7	57	371	10	2020.8
940	simultaneous esterification	0.303	-0.3395	2	33	65	11	2018.3636
941	single cylinder	1.669	0.1016	6	73	243	8	2021.25
942	situ	-0.619	-0.1809	4	68	107	8	2019.25
943	sludge	0.3215	-0.1294	3	64	203	16	2019.6875
944	small amount	-0.6232	0.199	1	58	85	5	2018.4
945	smoke	1.5102	0.2611	6	72	208	7	2020.5714
946	smoke emission	1.4495	0.1749	6	45	111	5	2018.6
947	sodium methoxide	0.7626	-0.4821	2	14	52	5	2016.4
948	solid base catalyst	0.2506	-0.2816	2	82	177	23	2016.3043
949	solid product	0.0128	-0.458	4	29	78	6	2019.3333
950	solid residue	-0.2939	-0.8622	4	58	123	9	2018.1111
951	solid waste	0.3123	0.1784	3	65	146	8	2019.375
952	solketal	-0.0786	0.0661	5	17	76	7	2020.4286
953	solution combustion method	0.0713	-0.1616	2	24	37	5	2020.2
954	solvent free condition	-0.401	-0.1795	2	53	75	7	2018.5714
955	sonication	-0.0056	-0.2461	2	60	146	11	2019.7273
956	sono	0.0919	-0.5123	2	34	87	6	2019.1667
957	sono dispersion	0.2041	-0.5714	2	19	68	5	2019.2
958	sorbitol	-0.5621	0.0181	5	45	129	8	2016.5
959	sorghum	0.3738	0.7223	7	28	380	9	2020.5556
960	specific fuel consumption	1.647	0.04	6	78	235	10	2020.1
961	spirulina	0.3656	-0.4665	4	72	193	14	2018.7857
962	spirulina platensis	0.1537	-0.8259	4	41	253	13	2019.8462
963	statistical design	0.6872	-0.002	2	17	38	5	2019.4
964	stearic acid	-0.3739	-0.378	1	34	149	17	2020.4118
965	step process	-0.4056	0.047	1	70	103	8	2017.5
966	stone	0.4097	-0.4298	2	3	18	6	2021
967	strain	0.4433	0.1817	3	83	192	15	2019.9333
968	stroke	1.7614	0.1348	6	64	174	5	2021.2
969	strong interaction	-0.8464	-0.1305	1	97	187	12	2020.25
970	subcritical water	-0.1485	-0.8558	4	62	203	9	2018.5556
971	sugarcane bagasse	-0.0476	0.0062	3	29	96	6	2018.8333
972	suitability	0.956	-0.0147	2	100	171	11	2020.2727
973	sulfation	-0.1081	-0.4653	2	30	50	5	2020.6
974	sulfonation	-0.1638	-0.1965	2	56	109	9	2019.3333
975	sunflower oil	0.3116	-0.2496	2	106	314	32	2019.0938
976	supercritical ethanol	-0.8418	-0.8062	4	34	175	10	2018.2
977	supercritical methanol	-0.4571	-0.7332	4	43	214	10	2018.5
978	supercritical water	0.0095	-0.8341	4	85	445	14	2017.6429
979	supercritical water gasification	0.3718	-0.4503	4	55	318	12	2018.1667
980	superior activity	-0.6178	-0.3717	1	34	55	5	2020.4
981	superior catalytic activity	-0.8804	-0.0603	1	50	83	6	2020.1667
982	superior catalytic performance	-0.62	0.1654	1	94	162	11	2019.2727
983	surface modification	-0.3659	0.1443	5	48	88	6	2019.6667
984	surface property	-0.0766	-0.0748	2	61	114	8	2021.125
985	sustainability	0.5933	0.2363	3	147	426	25	2019.2
986	sustainable biodiesel production	0.7481	-0.0482	3	55	92	7	2019.8571
987	sustainable biofuel	-0.1619	-0.0979	1	72	133	8	2020.25
988	sustainable development	-0.3498	-0.277	1	65	111	8	2019.75
989	sustainable energy	0.3395	-0.1277	3	61	107	7	2020.8571
990	sustainable source	0.395	0.0218	3	36	72	6	2021.3333
991	synechocystis	0.5107	0.5007	3	6	35	5	2017
992	synergetic effect	-0.58	0.1766	1	54	75	5	2019
993	synergistic effect	-0.4558	-0.3556	1	209	502	30	2019.0333
994	synergy	-0.8741	0.2192	1	85	151	10	2019
995	syngas production	0.2538	-0.0931	3	43	111	11	2019.9091
996	synthesized biodiesel	0.6095	-0.2408	2	52	69	5	2021.2
997	synthesized nanocatalyst	0.2108	-0.4696	2	57	106	9	2020.2222
998	tail gas	0.057	0.6856	3	10	147	7	2022
999	tea	-0.016	0.0087	4	11	112	8	2010
1000	techno economic analysis	0.5375	-0.1162	3	43	109	10	2021.3
1001	tem analysis	0.3261	-0.4677	2	43	77	6	2019.8333
1002	tempo	-1.0142	-0.6133	1	7	78	6	2020
1003	testing	0.7269	0.225	6	83	161	9	2018.7778
1004	tetrahydrofuran	-0.8849	-0.2403	1	64	108	6	2019.8333
1005	tetrahydrofurfuryl alcohol	-0.8956	0.0426	1	53	98	5	2018.8
1006	thailand	0.7266	-0.213	2	31	101	7	2020.5714
1007	tio	0.3032	-0.4591	2	8	40	5	2019
1008	tof	-0.7893	-0.1348	1	81	135	10	2018.9
1009	toluene	-0.2741	-0.1343	1	96	193	11	2019.5455
1010	ton	-0.2889	-0.1518	4	68	116	7	2018.5714
1011	topology	0.7583	0.0486	3	26	104	8	2020.875
1012	total acid number	-0.4062	-0.6694	4	55	114	5	2019
1013	total basicity	0.3864	-0.0801	2	17	28	6	2018.8333
1014	total gas yield	0.1476	-0.7975	4	43	190	6	2017.5
1015	total yield	-0.9988	-0.3767	1	44	95	5	2020.8
1016	toxic compound	-0.0375	-0.1083	3	8	102	6	2021
1017	tpr	-0.6733	-0.1049	1	63	115	9	2017.7778
1018	transmission electron microscope	0.1488	-0.0705	2	52	78	5	2018.2
1019	transportation	-0.2222	0.3725	5	72	119	7	2019.8571
1020	triolein	-0.2932	-0.2705	2	34	75	8	2019
1021	tungstophosphoric acid	-0.1095	-0.224	2	24	39	5	2018.2
1022	turnover frequency	-0.5335	-0.2976	1	74	131	9	2019.2222
1023	uhc	1.5857	0.2244	6	66	169	6	2021
1024	uio	-0.8826	0.1715	1	18	59	5	2019.6
1025	ultimate analysis	0.1153	-0.6877	4	59	146	7	2020.1429
1026	ultrasonic pretreatment	0.3124	-0.5886	4	18	88	5	2018.8
1027	ultrasound irradiation	0.229	-0.3943	2	40	145	9	2020.3333
1028	uniform	-0.3499	0.221	2	27	52	5	2018.4
1029	uniform dispersion	-0.2982	-0.0964	2	64	94	6	2018
1030	upgrade	-0.5508	-0.1689	1	74	151	8	2018.875
1031	upgrading	-0.5221	-0.1102	1	198	585	41	2019
1032	urea	-0.0651	0.5005	5	63	189	11	2018.6364
1033	v v	0.6124	-0.1518	2	141	353	22	2019.3636
1034	valerolactone	-0.8688	-0.0658	1	164	726	57	2018.1228
1035	valuable chemical	-0.5996	0.0342	1	94	212	13	2020.1538
1036	vanillin	-0.8202	-0.2175	1	48	79	6	2019.6667
1037	vanillyl alcohol	-1.0034	-0.1912	1	31	89	6	2019.3333
1038	variance	0.7505	0.0991	7	36	91	5	2019.2
1039	variation	0.3993	-0.1572	2	98	248	13	2020.2308
1040	viability	0.3113	0.1029	3	133	249	19	2020.5263
1041	viz	0.7318	0.0769	7	117	275	13	2019.3077
1042	vol	0.2614	-0.2381	4	83	256	17	2020.4118
1043	voltage	-0.0711	0.5995	5	46	95	7	2017.2857
1044	volume	0.3496	0.0768	6	92	170	10	2020
1045	vsm	0.2278	-0.1756	2	80	148	13	2018.7692
1046	w cm2	-0.7143	1.2925	5	64	175	7	2019.7143
1047	w v	0.4887	-0.335	2	32	54	6	2019.5
1048	w w	0.3895	-0.2849	2	140	309	27	2019.1481
1049	waste edible oil	0.664	-0.4227	2	39	83	8	2020.5
1050	waste frying oil	-0.139	-0.3931	2	27	76	8	2021.125
1051	waste lignin	-0.7066	-0.1437	1	35	107	5	2019.4
1052	wastewater	0.468	0.3752	3	169	900	53	2019.3019
1053	wastewater treatment	0.6349	0.6491	3	70	146	7	2019.7143
1054	water solvent	0.212	-0.6905	4	21	122	7	2019.8571
1055	weed	0.3812	0.3554	3	22	110	6	2020
1056	wet impregnation method	0.0667	-0.2638	2	63	119	12	2019.3333
1057	wet microalgae	0.639	-0.3759	2	20	67	6	2018.8333
1058	wfo	-0.0036	-0.3167	2	33	119	14	2021.0714
1059	wheat straw	0.2313	-0.5428	4	31	230	11	2016.7273
1060	wide range	-0.354	0.2256	5	62	97	8	2017.625
1061	world	0.615	0.1063	3	165	449	33	2019.3636
1062	x ray fluorescence	0.2284	-0.3973	2	56	82	10	2018.8
1063	xrd analysis	0.2827	-0.3658	2	84	129	9	2019.2222
1064	xylan	-0.7739	-0.4484	4	19	86	5	2018.8
1065	xylose	0.1884	0.255	3	47	105	6	2020
1066	yeast	0.5489	0.1698	3	58	180	14	2020.4286
1067	zinc	0.3284	0.0072	2	48	64	7	2018.2857
1068	zirconia	0.1169	-0.3625	2	53	73	10	2017.3
1069	zirconium	-0.3741	0.0217	1	72	157	10	2019.6
1070	zirconium oxide	-0.1087	-0.3124	1	24	69	6	2021
1071	zn hzsm	-0.6367	-0.8626	4	29	476	16	2017
1072	zno nanocatalyst	0.0817	-0.2843	2	23	49	7	2016.1429
1073	zno nanoparticle	-0.1181	0.5809	5	52	134	10	2020.3
1074	zrbtc	-0.8251	0.0522	1	17	264	12	2022
